2016 07 01 00.0 01.50 30863.00000 30863.06250  3.333   18 1
2016 07 01 03.0 04.50 30863.12500 30863.18750  2.000    7 1
2016 07 01 06.0 07.50 30863.25000 30863.31250  2.333    9 1
2016 07 01 09.0 10.50 30863.37500 30863.43750  2.000    7 1
2016 07 01 12.0 13.50 30863.50000 30863.56250  1.333    5 1
2016 07 01 15.0 16.50 30863.62500 30863.68750  0.667    3 1
2016 07 01 18.0 19.50 30863.75000 30863.81250  0.000    0 1
2016 07 01 21.0 22.50 30863.87500 30863.93750  0.333    2 1
2016 07 02 00.0 01.50 30864.00000 30864.06250  0.667    3 1
2016 07 02 03.0 04.50 30864.12500 30864.18750  1.000    4 1
2016 07 02 06.0 07.50 30864.25000 30864.31250  1.000    4 1
2016 07 02 09.0 10.50 30864.37500 30864.43750  0.667    3 1
2016 07 02 12.0 13.50 30864.50000 30864.56250  1.333    5 1
2016 07 02 15.0 16.50 30864.62500 30864.68750  1.000    4 1
2016 07 02 18.0 19.50 30864.75000 30864.81250  2.667   12 1
2016 07 02 21.0 22.50 30864.87500 30864.93750  3.667   22 1
2016 07 03 00.0 01.50 30865.00000 30865.06250  2.667   12 1
2016 07 03 03.0 04.50 30865.12500 30865.18750  2.000    7 1
2016 07 03 06.0 07.50 30865.25000 30865.31250  1.333    5 1
2016 07 03 09.0 10.50 30865.37500 30865.43750  1.333    5 1
2016 07 03 12.0 13.50 30865.50000 30865.56250  1.000    4 1
2016 07 03 15.0 16.50 30865.62500 30865.68750  2.333    9 1
2016 07 03 18.0 19.50 30865.75000 30865.81250  2.000    7 1
2016 07 03 21.0 22.50 30865.87500 30865.93750  2.667   12 1
2016 07 04 00.0 01.50 30866.00000 30866.06250  1.667    6 1
2016 07 04 03.0 04.50 30866.12500 30866.18750  1.667    6 1
2016 07 04 06.0 07.50 30866.25000 30866.31250  2.000    7 1
2016 07 04 09.0 10.50 30866.37500 30866.43750  1.333    5 1
2016 07 04 12.0 13.50 30866.50000 30866.56250  1.000    4 1
2016 07 04 15.0 16.50 30866.62500 30866.68750  0.333    2 1
2016 07 04 18.0 19.50 30866.75000 30866.81250  1.667    6 1
2016 07 04 21.0 22.50 30866.87500 30866.93750  1.000    4 1
2016 07 05 00.0 01.50 30867.00000 30867.06250  1.000    4 1
2016 07 05 03.0 04.50 30867.12500 30867.18750  1.333    5 1
2016 07 05 06.0 07.50 30867.25000 30867.31250  0.667    3 1
2016 07 05 09.0 10.50 30867.37500 30867.43750  0.333    2 1
2016 07 05 12.0 13.50 30867.50000 30867.56250  0.333    2 1
2016 07 05 15.0 16.50 30867.62500 30867.68750  0.333    2 1
2016 07 05 18.0 19.50 30867.75000 30867.81250  0.667    3 1
2016 07 05 21.0 22.50 30867.87500 30867.93750  0.667    3 1
2016 07 06 00.0 01.50 30868.00000 30868.06250  0.000    0 1
2016 07 06 03.0 04.50 30868.12500 30868.18750  0.333    2 1
2016 07 06 06.0 07.50 30868.25000 30868.31250  0.333    2 1
2016 07 06 09.0 10.50 30868.37500 30868.43750  0.667    3 1
2016 07 06 12.0 13.50 30868.50000 30868.56250  0.667    3 1
2016 07 06 15.0 16.50 30868.62500 30868.68750  1.000    4 1
2016 07 06 18.0 19.50 30868.75000 30868.81250  1.333    5 1
2016 07 06 21.0 22.50 30868.87500 30868.93750  2.667   12 1
2016 07 07 00.0 01.50 30869.00000 30869.06250  2.667   12 1
2016 07 07 03.0 04.50 30869.12500 30869.18750  2.667   12 1
2016 07 07 06.0 07.50 30869.25000 30869.31250  2.667   12 1
2016 07 07 09.0 10.50 30869.37500 30869.43750  2.667   12 1
2016 07 07 12.0 13.50 30869.50000 30869.56250  3.333   18 1
2016 07 07 15.0 16.50 30869.62500 30869.68750  4.333   32 1
2016 07 07 18.0 19.50 30869.75000 30869.81250  4.667   39 1
2016 07 07 21.0 22.50 30869.87500 30869.93750  4.333   32 1
2016 07 08 00.0 01.50 30870.00000 30870.06250  3.333   18 1
2016 07 08 03.0 04.50 30870.12500 30870.18750  2.333    9 1
2016 07 08 06.0 07.50 30870.25000 30870.31250  3.333   18 1
2016 07 08 09.0 10.50 30870.37500 30870.43750  3.667   22 1
2016 07 08 12.0 13.50 30870.50000 30870.56250  4.000   27 1
2016 07 08 15.0 16.50 30870.62500 30870.68750  3.667   22 1
2016 07 08 18.0 19.50 30870.75000 30870.81250  4.000   27 1
2016 07 08 21.0 22.50 30870.87500 30870.93750  2.333    9 1
2016 07 09 00.0 01.50 30871.00000 30871.06250  3.333   18 1
2016 07 09 03.0 04.50 30871.12500 30871.18750  2.333    9 1
2016 07 09 06.0 07.50 30871.25000 30871.31250  3.333   18 1
2016 07 09 09.0 10.50 30871.37500 30871.43750  2.333    9 1
2016 07 09 12.0 13.50 30871.50000 30871.56250  3.000   15 1
2016 07 09 15.0 16.50 30871.62500 30871.68750  3.000   15 1
2016 07 09 18.0 19.50 30871.75000 30871.81250  2.333    9 1
2016 07 09 21.0 22.50 30871.87500 30871.93750  1.667    6 1
2016 07 10 00.0 01.50 30872.00000 30872.06250  2.333    9 1
2016 07 10 03.0 04.50 30872.12500 30872.18750  2.000    7 1
2016 07 10 06.0 07.50 30872.25000 30872.31250  2.000    7 1
2016 07 10 09.0 10.50 30872.37500 30872.43750  2.667   12 1
2016 07 10 12.0 13.50 30872.50000 30872.56250  2.667   12 1
2016 07 10 15.0 16.50 30872.62500 30872.68750  1.667    6 1
2016 07 10 18.0 19.50 30872.75000 30872.81250  2.333    9 1
2016 07 10 21.0 22.50 30872.87500 30872.93750  2.000    7 1
2016 07 11 00.0 01.50 30873.00000 30873.06250  2.333    9 1
2016 07 11 03.0 04.50 30873.12500 30873.18750  2.667   12 1
2016 07 11 06.0 07.50 30873.25000 30873.31250  1.333    5 1
2016 07 11 09.0 10.50 30873.37500 30873.43750  2.000    7 1
2016 07 11 12.0 13.50 30873.50000 30873.56250  2.667   12 1
2016 07 11 15.0 16.50 30873.62500 30873.68750  2.333    9 1
2016 07 11 18.0 19.50 30873.75000 30873.81250  2.667   12 1
2016 07 11 21.0 22.50 30873.87500 30873.93750  2.667   12 1
2016 07 12 00.0 01.50 30874.00000 30874.06250  3.000   15 1
2016 07 12 03.0 04.50 30874.12500 30874.18750  4.333   32 1
2016 07 12 06.0 07.50 30874.25000 30874.31250  4.333   32 1
2016 07 12 09.0 10.50 30874.37500 30874.43750  3.667   22 1
2016 07 12 12.0 13.50 30874.50000 30874.56250  2.333    9 1
2016 07 12 15.0 16.50 30874.62500 30874.68750  1.667    6 1
2016 07 12 18.0 19.50 30874.75000 30874.81250  2.667   12 1
2016 07 12 21.0 22.50 30874.87500 30874.93750  3.333   18 1
2016 07 13 00.0 01.50 30875.00000 30875.06250  3.000   15 1
2016 07 13 03.0 04.50 30875.12500 30875.18750  2.000    7 1
2016 07 13 06.0 07.50 30875.25000 30875.31250  1.333    5 1
2016 07 13 09.0 10.50 30875.37500 30875.43750  1.667    6 1
2016 07 13 12.0 13.50 30875.50000 30875.56250  1.667    6 1
2016 07 13 15.0 16.50 30875.62500 30875.68750  1.667    6 1
2016 07 13 18.0 19.50 30875.75000 30875.81250  1.333    5 1
2016 07 13 21.0 22.50 30875.87500 30875.93750  2.000    7 1
2016 07 14 00.0 01.50 30876.00000 30876.06250  1.667    6 1
2016 07 14 03.0 04.50 30876.12500 30876.18750  2.333    9 1
2016 07 14 06.0 07.50 30876.25000 30876.31250  4.000   27 1
2016 07 14 09.0 10.50 30876.37500 30876.43750  3.333   18 1
2016 07 14 12.0 13.50 30876.50000 30876.56250  1.667    6 1
2016 07 14 15.0 16.50 30876.62500 30876.68750  2.000    7 1
2016 07 14 18.0 19.50 30876.75000 30876.81250  1.667    6 1
2016 07 14 21.0 22.50 30876.87500 30876.93750  2.000    7 1
2016 07 15 00.0 01.50 30877.00000 30877.06250  2.333    9 1
2016 07 15 03.0 04.50 30877.12500 30877.18750  3.000   15 1
2016 07 15 06.0 07.50 30877.25000 30877.31250  2.667   12 1
2016 07 15 09.0 10.50 30877.37500 30877.43750  2.667   12 1
2016 07 15 12.0 13.50 30877.50000 30877.56250  1.667    6 1
2016 07 15 15.0 16.50 30877.62500 30877.68750  2.333    9 1
2016 07 15 18.0 19.50 30877.75000 30877.81250  1.667    6 1
2016 07 15 21.0 22.50 30877.87500 30877.93750  2.667   12 1
2016 07 16 00.0 01.50 30878.00000 30878.06250  2.667   12 1
2016 07 16 03.0 04.50 30878.12500 30878.18750  1.333    5 1
2016 07 16 06.0 07.50 30878.25000 30878.31250  1.333    5 1
2016 07 16 09.0 10.50 30878.37500 30878.43750  1.333    5 1
2016 07 16 12.0 13.50 30878.50000 30878.56250  3.000   15 1
2016 07 16 15.0 16.50 30878.62500 30878.68750  1.333    5 1
2016 07 16 18.0 19.50 30878.75000 30878.81250  1.667    6 1
2016 07 16 21.0 22.50 30878.87500 30878.93750  1.000    4 1
2016 07 17 00.0 01.50 30879.00000 30879.06250  1.333    5 1
2016 07 17 03.0 04.50 30879.12500 30879.18750  1.333    5 1
2016 07 17 06.0 07.50 30879.25000 30879.31250  0.667    3 1
2016 07 17 09.0 10.50 30879.37500 30879.43750  1.000    4 1
2016 07 17 12.0 13.50 30879.50000 30879.56250  1.333    5 1
2016 07 17 15.0 16.50 30879.62500 30879.68750  1.333    5 1
2016 07 17 18.0 19.50 30879.75000 30879.81250  1.333    5 1
2016 07 17 21.0 22.50 30879.87500 30879.93750  2.000    7 1
2016 07 18 00.0 01.50 30880.00000 30880.06250  0.667    3 1
2016 07 18 03.0 04.50 30880.12500 30880.18750  0.667    3 1
2016 07 18 06.0 07.50 30880.25000 30880.31250  1.000    4 1
2016 07 18 09.0 10.50 30880.37500 30880.43750  0.667    3 1
2016 07 18 12.0 13.50 30880.50000 30880.56250  0.333    2 1
2016 07 18 15.0 16.50 30880.62500 30880.68750  0.333    2 1
2016 07 18 18.0 19.50 30880.75000 30880.81250  0.333    2 1
2016 07 18 21.0 22.50 30880.87500 30880.93750  1.333    5 1
2016 07 19 00.0 01.50 30881.00000 30881.06250  1.000    4 1
2016 07 19 03.0 04.50 30881.12500 30881.18750  0.667    3 1
2016 07 19 06.0 07.50 30881.25000 30881.31250  0.333    2 1
2016 07 19 09.0 10.50 30881.37500 30881.43750  0.667    3 1
2016 07 19 12.0 13.50 30881.50000 30881.56250  0.667    3 1
2016 07 19 15.0 16.50 30881.62500 30881.68750  0.667    3 1
2016 07 19 18.0 19.50 30881.75000 30881.81250  0.333    2 1
2016 07 19 21.0 22.50 30881.87500 30881.93750  5.000   48 1
2016 07 20 00.0 01.50 30882.00000 30882.06250  5.000   48 1
2016 07 20 03.0 04.50 30882.12500 30882.18750  4.667   39 1
2016 07 20 06.0 07.50 30882.25000 30882.31250  3.667   22 1
2016 07 20 09.0 10.50 30882.37500 30882.43750  2.333    9 1
2016 07 20 12.0 13.50 30882.50000 30882.56250  2.333    9 1
2016 07 20 15.0 16.50 30882.62500 30882.68750  2.333    9 1
2016 07 20 18.0 19.50 30882.75000 30882.81250  2.667   12 1
2016 07 20 21.0 22.50 30882.87500 30882.93750  1.000    4 1
2016 07 21 00.0 01.50 30883.00000 30883.06250  0.667    3 1
2016 07 21 03.0 04.50 30883.12500 30883.18750  0.333    2 1
2016 07 21 06.0 07.50 30883.25000 30883.31250  1.000    4 1
2016 07 21 09.0 10.50 30883.37500 30883.43750  1.333    5 1
2016 07 21 12.0 13.50 30883.50000 30883.56250  1.333    5 1
2016 07 21 15.0 16.50 30883.62500 30883.68750  2.667   12 1
2016 07 21 18.0 19.50 30883.75000 30883.81250  0.667    3 1
2016 07 21 21.0 22.50 30883.87500 30883.93750  2.000    7 1
2016 07 22 00.0 01.50 30884.00000 30884.06250  1.333    5 1
2016 07 22 03.0 04.50 30884.12500 30884.18750  1.333    5 1
2016 07 22 06.0 07.50 30884.25000 30884.31250  1.333    5 1
2016 07 22 09.0 10.50 30884.37500 30884.43750  1.667    6 1
2016 07 22 12.0 13.50 30884.50000 30884.56250  2.333    9 1
2016 07 22 15.0 16.50 30884.62500 30884.68750  2.667   12 1
2016 07 22 18.0 19.50 30884.75000 30884.81250  2.333    9 1
2016 07 22 21.0 22.50 30884.87500 30884.93750  1.667    6 1
2016 07 23 00.0 01.50 30885.00000 30885.06250  2.000    7 1
2016 07 23 03.0 04.50 30885.12500 30885.18750  3.000   15 1
2016 07 23 06.0 07.50 30885.25000 30885.31250  3.000   15 1
2016 07 23 09.0 10.50 30885.37500 30885.43750  1.333    5 1
2016 07 23 12.0 13.50 30885.50000 30885.56250  1.000    4 1
2016 07 23 15.0 16.50 30885.62500 30885.68750  0.333    2 1
2016 07 23 18.0 19.50 30885.75000 30885.81250  0.667    3 1
2016 07 23 21.0 22.50 30885.87500 30885.93750  1.667    6 1
2016 07 24 00.0 01.50 30886.00000 30886.06250  1.667    6 1
2016 07 24 03.0 04.50 30886.12500 30886.18750  0.667    3 1
2016 07 24 06.0 07.50 30886.25000 30886.31250  1.000    4 1
2016 07 24 09.0 10.50 30886.37500 30886.43750  1.333    5 1
2016 07 24 12.0 13.50 30886.50000 30886.56250  1.667    6 1
2016 07 24 15.0 16.50 30886.62500 30886.68750  3.667   22 1
2016 07 24 18.0 19.50 30886.75000 30886.81250  4.667   39 1
2016 07 24 21.0 22.50 30886.87500 30886.93750  4.000   27 1
2016 07 25 00.0 01.50 30887.00000 30887.06250  4.000   27 1
2016 07 25 03.0 04.50 30887.12500 30887.18750  3.667   22 1
2016 07 25 06.0 07.50 30887.25000 30887.31250  3.000   15 1
2016 07 25 09.0 10.50 30887.37500 30887.43750  3.000   15 1
2016 07 25 12.0 13.50 30887.50000 30887.56250  3.667   22 1
2016 07 25 15.0 16.50 30887.62500 30887.68750  3.333   18 1
2016 07 25 18.0 19.50 30887.75000 30887.81250  2.667   12 1
2016 07 25 21.0 22.50 30887.87500 30887.93750  2.333    9 1
2016 07 26 00.0 01.50 30888.00000 30888.06250  0.667    3 1
2016 07 26 03.0 04.50 30888.12500 30888.18750  1.333    5 1
2016 07 26 06.0 07.50 30888.25000 30888.31250  0.667    3 1
2016 07 26 09.0 10.50 30888.37500 30888.43750  0.333    2 1
2016 07 26 12.0 13.50 30888.50000 30888.56250  1.000    4 1
2016 07 26 15.0 16.50 30888.62500 30888.68750  1.000    4 1
2016 07 26 18.0 19.50 30888.75000 30888.81250  1.000    4 1
2016 07 26 21.0 22.50 30888.87500 30888.93750  1.333    5 1
2016 07 27 00.0 01.50 30889.00000 30889.06250  0.667    3 1
2016 07 27 03.0 04.50 30889.12500 30889.18750  0.333    2 1
2016 07 27 06.0 07.50 30889.25000 30889.31250  0.000    0 1
2016 07 27 09.0 10.50 30889.37500 30889.43750  0.000    0 1
2016 07 27 12.0 13.50 30889.50000 30889.56250  0.333    2 1
2016 07 27 15.0 16.50 30889.62500 30889.68750  0.333    2 1
2016 07 27 18.0 19.50 30889.75000 30889.81250  0.667    3 1
2016 07 27 21.0 22.50 30889.87500 30889.93750  2.000    7 1
2016 07 28 00.0 01.50 30890.00000 30890.06250  2.333    9 1
2016 07 28 03.0 04.50 30890.12500 30890.18750  3.333   18 1
2016 07 28 06.0 07.50 30890.25000 30890.31250  3.000   15 1
2016 07 28 09.0 10.50 30890.37500 30890.43750  1.667    6 1
2016 07 28 12.0 13.50 30890.50000 30890.56250  2.000    7 1
2016 07 28 15.0 16.50 30890.62500 30890.68750  2.667   12 1
2016 07 28 18.0 19.50 30890.75000 30890.81250  4.000   27 1
2016 07 28 21.0 22.50 30890.87500 30890.93750  3.333   18 1
2016 07 29 00.0 01.50 30891.00000 30891.06250  3.333   18 1
2016 07 29 03.0 04.50 30891.12500 30891.18750  3.667   22 1
2016 07 29 06.0 07.50 30891.25000 30891.31250  3.000   15 1
2016 07 29 09.0 10.50 30891.37500 30891.43750  3.000   15 1
2016 07 29 12.0 13.50 30891.50000 30891.56250  2.333    9 1
2016 07 29 15.0 16.50 30891.62500 30891.68750  2.333    9 1
2016 07 29 18.0 19.50 30891.75000 30891.81250  2.667   12 1
2016 07 29 21.0 22.50 30891.87500 30891.93750  1.667    6 1
2016 07 30 00.0 01.50 30892.00000 30892.06250  3.000   15 1
2016 07 30 03.0 04.50 30892.12500 30892.18750  1.333    5 1
2016 07 30 06.0 07.50 30892.25000 30892.31250  1.000    4 1
2016 07 30 09.0 10.50 30892.37500 30892.43750  1.000    4 1
2016 07 30 12.0 13.50 30892.50000 30892.56250  0.667    3 1
2016 07 30 15.0 16.50 30892.62500 30892.68750  0.667    3 1
2016 07 30 18.0 19.50 30892.75000 30892.81250  1.000    4 1
2016 07 30 21.0 22.50 30892.87500 30892.93750  1.000    4 1
2016 07 31 00.0 01.50 30893.00000 30893.06250  1.667    6 1
2016 07 31 03.0 04.50 30893.12500 30893.18750  0.333    2 1
2016 07 31 06.0 07.50 30893.25000 30893.31250  0.333    2 1
2016 07 31 09.0 10.50 30893.37500 30893.43750  1.000    4 1
2016 07 31 12.0 13.50 30893.50000 30893.56250  0.333    2 1
2016 07 31 15.0 16.50 30893.62500 30893.68750  1.000    4 1
2016 07 31 18.0 19.50 30893.75000 30893.81250  0.667    3 1
2016 07 31 21.0 22.50 30893.87500 30893.93750  0.000    0 1
2016 08 01 00.0 01.50 30894.00000 30894.06250  1.333    5 1
2016 08 01 03.0 04.50 30894.12500 30894.18750  0.333    2 1
2016 08 01 06.0 07.50 30894.25000 30894.31250  0.000    0 1
2016 08 01 09.0 10.50 30894.37500 30894.43750  0.000    0 1
2016 08 01 12.0 13.50 30894.50000 30894.56250  0.333    2 1
2016 08 01 15.0 16.50 30894.62500 30894.68750  0.667    3 1
2016 08 01 18.0 19.50 30894.75000 30894.81250  0.667    3 1
2016 08 01 21.0 22.50 30894.87500 30894.93750  1.333    5 1
2016 08 02 00.0 01.50 30895.00000 30895.06250  1.000    4 1
2016 08 02 03.0 04.50 30895.12500 30895.18750  1.333    5 1
2016 08 02 06.0 07.50 30895.25000 30895.31250  1.333    5 1
2016 08 02 09.0 10.50 30895.37500 30895.43750  2.333    9 1
2016 08 02 12.0 13.50 30895.50000 30895.56250  2.333    9 1
2016 08 02 15.0 16.50 30895.62500 30895.68750  3.667   22 1
2016 08 02 18.0 19.50 30895.75000 30895.81250  4.333   32 1
2016 08 02 21.0 22.50 30895.87500 30895.93750  5.000   48 1
2016 08 03 00.0 01.50 30896.00000 30896.06250  5.000   48 1
2016 08 03 03.0 04.50 30896.12500 30896.18750  4.000   27 1
2016 08 03 06.0 07.50 30896.25000 30896.31250  4.667   39 1
2016 08 03 09.0 10.50 30896.37500 30896.43750  5.000   48 1
2016 08 03 12.0 13.50 30896.50000 30896.56250  4.000   27 1
2016 08 03 15.0 16.50 30896.62500 30896.68750  4.667   39 1
2016 08 03 18.0 19.50 30896.75000 30896.81250  3.000   15 1
2016 08 03 21.0 22.50 30896.87500 30896.93750  3.000   15 1
2016 08 04 00.0 01.50 30897.00000 30897.06250  3.667   22 1
2016 08 04 03.0 04.50 30897.12500 30897.18750  3.333   18 1
2016 08 04 06.0 07.50 30897.25000 30897.31250  2.667   12 1
2016 08 04 09.0 10.50 30897.37500 30897.43750  2.667   12 1
2016 08 04 12.0 13.50 30897.50000 30897.56250  3.000   15 1
2016 08 04 15.0 16.50 30897.62500 30897.68750  4.000   27 1
2016 08 04 18.0 19.50 30897.75000 30897.81250  3.000   15 1
2016 08 04 21.0 22.50 30897.87500 30897.93750  1.667    6 1
2016 08 05 00.0 01.50 30898.00000 30898.06250  1.333    5 1
2016 08 05 03.0 04.50 30898.12500 30898.18750  3.667   22 1
2016 08 05 06.0 07.50 30898.25000 30898.31250  3.667   22 1
2016 08 05 09.0 10.50 30898.37500 30898.43750  4.000   27 1
2016 08 05 12.0 13.50 30898.50000 30898.56250  3.000   15 1
2016 08 05 15.0 16.50 30898.62500 30898.68750  2.667   12 1
2016 08 05 18.0 19.50 30898.75000 30898.81250  2.000    7 1
2016 08 05 21.0 22.50 30898.87500 30898.93750  3.333   18 1
2016 08 06 00.0 01.50 30899.00000 30899.06250  3.000   15 1
2016 08 06 03.0 04.50 30899.12500 30899.18750  1.667    6 1
2016 08 06 06.0 07.50 30899.25000 30899.31250  2.667   12 1
2016 08 06 09.0 10.50 30899.37500 30899.43750  3.333   18 1
2016 08 06 12.0 13.50 30899.50000 30899.56250  2.667   12 1
2016 08 06 15.0 16.50 30899.62500 30899.68750  2.667   12 1
2016 08 06 18.0 19.50 30899.75000 30899.81250  2.000    7 1
2016 08 06 21.0 22.50 30899.87500 30899.93750  3.333   18 1
2016 08 07 00.0 01.50 30900.00000 30900.06250  4.333   32 1
2016 08 07 03.0 04.50 30900.12500 30900.18750  1.667    6 1
2016 08 07 06.0 07.50 30900.25000 30900.31250  1.333    5 1
2016 08 07 09.0 10.50 30900.37500 30900.43750  1.333    5 1
2016 08 07 12.0 13.50 30900.50000 30900.56250  2.667   12 1
2016 08 07 15.0 16.50 30900.62500 30900.68750  3.000   15 1
2016 08 07 18.0 19.50 30900.75000 30900.81250  1.667    6 1
2016 08 07 21.0 22.50 30900.87500 30900.93750  2.667   12 1
2016 08 08 00.0 01.50 30901.00000 30901.06250  3.333   18 1
2016 08 08 03.0 04.50 30901.12500 30901.18750  2.000    7 1
2016 08 08 06.0 07.50 30901.25000 30901.31250  1.667    6 1
2016 08 08 09.0 10.50 30901.37500 30901.43750  1.667    6 1
2016 08 08 12.0 13.50 30901.50000 30901.56250  2.667   12 1
2016 08 08 15.0 16.50 30901.62500 30901.68750  3.667   22 1
2016 08 08 18.0 19.50 30901.75000 30901.81250  2.333    9 1
2016 08 08 21.0 22.50 30901.87500 30901.93750  0.667    3 1
2016 08 09 00.0 01.50 30902.00000 30902.06250  1.333    5 1
2016 08 09 03.0 04.50 30902.12500 30902.18750  2.667   12 1
2016 08 09 06.0 07.50 30902.25000 30902.31250  1.667    6 1
2016 08 09 09.0 10.50 30902.37500 30902.43750  3.333   18 1
2016 08 09 12.0 13.50 30902.50000 30902.56250  3.333   18 1
2016 08 09 15.0 16.50 30902.62500 30902.68750  2.667   12 1
2016 08 09 18.0 19.50 30902.75000 30902.81250  1.667    6 1
2016 08 09 21.0 22.50 30902.87500 30902.93750  3.333   18 1
2016 08 10 00.0 01.50 30903.00000 30903.06250  3.667   22 1
2016 08 10 03.0 04.50 30903.12500 30903.18750  3.000   15 1
2016 08 10 06.0 07.50 30903.25000 30903.31250  3.333   18 1
2016 08 10 09.0 10.50 30903.37500 30903.43750  3.333   18 1
2016 08 10 12.0 13.50 30903.50000 30903.56250  2.000    7 1
2016 08 10 15.0 16.50 30903.62500 30903.68750  2.667   12 1
2016 08 10 18.0 19.50 30903.75000 30903.81250  3.000   15 1
2016 08 10 21.0 22.50 30903.87500 30903.93750  3.000   15 1
2016 08 11 00.0 01.50 30904.00000 30904.06250  1.667    6 1
2016 08 11 03.0 04.50 30904.12500 30904.18750  0.667    3 1
2016 08 11 06.0 07.50 30904.25000 30904.31250  1.333    5 1
2016 08 11 09.0 10.50 30904.37500 30904.43750  1.667    6 1
2016 08 11 12.0 13.50 30904.50000 30904.56250  1.333    5 1
2016 08 11 15.0 16.50 30904.62500 30904.68750  2.333    9 1
2016 08 11 18.0 19.50 30904.75000 30904.81250  3.000   15 1
2016 08 11 21.0 22.50 30904.87500 30904.93750  3.000   15 1
2016 08 12 00.0 01.50 30905.00000 30905.06250  3.667   22 1
2016 08 12 03.0 04.50 30905.12500 30905.18750  3.333   18 1
2016 08 12 06.0 07.50 30905.25000 30905.31250  2.000    7 1
2016 08 12 09.0 10.50 30905.37500 30905.43750  2.333    9 1
2016 08 12 12.0 13.50 30905.50000 30905.56250  2.000    7 1
2016 08 12 15.0 16.50 30905.62500 30905.68750  1.667    6 1
2016 08 12 18.0 19.50 30905.75000 30905.81250  1.000    4 1
2016 08 12 21.0 22.50 30905.87500 30905.93750  1.000    4 1
2016 08 13 00.0 01.50 30906.00000 30906.06250  1.333    5 1
2016 08 13 03.0 04.50 30906.12500 30906.18750  1.333    5 1
2016 08 13 06.0 07.50 30906.25000 30906.31250  1.000    4 1
2016 08 13 09.0 10.50 30906.37500 30906.43750  0.667    3 1
2016 08 13 12.0 13.50 30906.50000 30906.56250  1.000    4 1
2016 08 13 15.0 16.50 30906.62500 30906.68750  1.333    5 1
2016 08 13 18.0 19.50 30906.75000 30906.81250  1.667    6 1
2016 08 13 21.0 22.50 30906.87500 30906.93750  0.667    3 1
2016 08 14 00.0 01.50 30907.00000 30907.06250  1.333    5 1
2016 08 14 03.0 04.50 30907.12500 30907.18750  0.333    2 1
2016 08 14 06.0 07.50 30907.25000 30907.31250  0.667    3 1
2016 08 14 09.0 10.50 30907.37500 30907.43750  1.000    4 1
2016 08 14 12.0 13.50 30907.50000 30907.56250  1.667    6 1
2016 08 14 15.0 16.50 30907.62500 30907.68750  0.333    2 1
2016 08 14 18.0 19.50 30907.75000 30907.81250  0.667    3 1
2016 08 14 21.0 22.50 30907.87500 30907.93750  0.333    2 1
2016 08 15 00.0 01.50 30908.00000 30908.06250  0.667    3 1
2016 08 15 03.0 04.50 30908.12500 30908.18750  0.333    2 1
2016 08 15 06.0 07.50 30908.25000 30908.31250  1.333    5 1
2016 08 15 09.0 10.50 30908.37500 30908.43750  0.667    3 1
2016 08 15 12.0 13.50 30908.50000 30908.56250  0.333    2 1
2016 08 15 15.0 16.50 30908.62500 30908.68750  1.000    4 1
2016 08 15 18.0 19.50 30908.75000 30908.81250  0.000    0 1
2016 08 15 21.0 22.50 30908.87500 30908.93750  1.000    4 1
2016 08 16 00.0 01.50 30909.00000 30909.06250  0.000    0 1
2016 08 16 03.0 04.50 30909.12500 30909.18750  0.333    2 1
2016 08 16 06.0 07.50 30909.25000 30909.31250  0.667    3 1
2016 08 16 09.0 10.50 30909.37500 30909.43750  0.667    3 1
2016 08 16 12.0 13.50 30909.50000 30909.56250  1.667    6 1
2016 08 16 15.0 16.50 30909.62500 30909.68750  1.000    4 1
2016 08 16 18.0 19.50 30909.75000 30909.81250  1.000    4 1
2016 08 16 21.0 22.50 30909.87500 30909.93750  3.333   18 1
2016 08 17 00.0 01.50 30910.00000 30910.06250  2.667   12 1
2016 08 17 03.0 04.50 30910.12500 30910.18750  3.000   15 1
2016 08 17 06.0 07.50 30910.25000 30910.31250  1.333    5 1
2016 08 17 09.0 10.50 30910.37500 30910.43750  1.000    4 1
2016 08 17 12.0 13.50 30910.50000 30910.56250  1.333    5 1
2016 08 17 15.0 16.50 30910.62500 30910.68750  0.333    2 1
2016 08 17 18.0 19.50 30910.75000 30910.81250  1.667    6 1
2016 08 17 21.0 22.50 30910.87500 30910.93750  2.667   12 1
2016 08 18 00.0 01.50 30911.00000 30911.06250  1.667    6 1
2016 08 18 03.0 04.50 30911.12500 30911.18750  3.000   15 1
2016 08 18 06.0 07.50 30911.25000 30911.31250  1.000    4 1
2016 08 18 09.0 10.50 30911.37500 30911.43750  1.000    4 1
2016 08 18 12.0 13.50 30911.50000 30911.56250  1.667    6 1
2016 08 18 15.0 16.50 30911.62500 30911.68750  1.000    4 1
2016 08 18 18.0 19.50 30911.75000 30911.81250  0.667    3 1
2016 08 18 21.0 22.50 30911.87500 30911.93750  1.667    6 1
2016 08 19 00.0 01.50 30912.00000 30912.06250  0.333    2 1
2016 08 19 03.0 04.50 30912.12500 30912.18750  0.000    0 1
2016 08 19 06.0 07.50 30912.25000 30912.31250  1.333    5 1
2016 08 19 09.0 10.50 30912.37500 30912.43750  1.333    5 1
2016 08 19 12.0 13.50 30912.50000 30912.56250  1.000    4 1
2016 08 19 15.0 16.50 30912.62500 30912.68750  1.333    5 1
2016 08 19 18.0 19.50 30912.75000 30912.81250  1.000    4 1
2016 08 19 21.0 22.50 30912.87500 30912.93750  0.667    3 1
2016 08 20 00.0 01.50 30913.00000 30913.06250  2.000    7 1
2016 08 20 03.0 04.50 30913.12500 30913.18750  1.333    5 1
2016 08 20 06.0 07.50 30913.25000 30913.31250  1.333    5 1
2016 08 20 09.0 10.50 30913.37500 30913.43750  0.333    2 1
2016 08 20 12.0 13.50 30913.50000 30913.56250  0.667    3 1
2016 08 20 15.0 16.50 30913.62500 30913.68750  0.000    0 1
2016 08 20 18.0 19.50 30913.75000 30913.81250  0.000    0 1
2016 08 20 21.0 22.50 30913.87500 30913.93750  0.333    2 1
2016 08 21 00.0 01.50 30914.00000 30914.06250  0.000    0 1
2016 08 21 03.0 04.50 30914.12500 30914.18750  0.000    0 1
2016 08 21 06.0 07.50 30914.25000 30914.31250  0.333    2 1
2016 08 21 09.0 10.50 30914.37500 30914.43750  1.000    4 1
2016 08 21 12.0 13.50 30914.50000 30914.56250  2.667   12 1
2016 08 21 15.0 16.50 30914.62500 30914.68750  3.667   22 1
2016 08 21 18.0 19.50 30914.75000 30914.81250  2.333    9 1
2016 08 21 21.0 22.50 30914.87500 30914.93750  2.667   12 1
2016 08 22 00.0 01.50 30915.00000 30915.06250  1.333    5 1
2016 08 22 03.0 04.50 30915.12500 30915.18750  1.000    4 1
2016 08 22 06.0 07.50 30915.25000 30915.31250  1.000    4 1
2016 08 22 09.0 10.50 30915.37500 30915.43750  0.667    3 1
2016 08 22 12.0 13.50 30915.50000 30915.56250  0.333    2 1
2016 08 22 15.0 16.50 30915.62500 30915.68750  0.667    3 1
2016 08 22 18.0 19.50 30915.75000 30915.81250  1.333    5 1
2016 08 22 21.0 22.50 30915.87500 30915.93750  1.000    4 1
2016 08 23 00.0 01.50 30916.00000 30916.06250  1.333    5 1
2016 08 23 03.0 04.50 30916.12500 30916.18750  2.000    7 1
2016 08 23 06.0 07.50 30916.25000 30916.31250  0.333    2 1
2016 08 23 09.0 10.50 30916.37500 30916.43750  2.333    9 1
2016 08 23 12.0 13.50 30916.50000 30916.56250  3.333   18 1
2016 08 23 15.0 16.50 30916.62500 30916.68750  3.000   15 1
2016 08 23 18.0 19.50 30916.75000 30916.81250  5.000   48 1
2016 08 23 21.0 22.50 30916.87500 30916.93750  4.667   39 1
2016 08 24 00.0 01.50 30917.00000 30917.06250  5.333   56 1
2016 08 24 03.0 04.50 30917.12500 30917.18750  2.667   12 1
2016 08 24 06.0 07.50 30917.25000 30917.31250  1.667    6 1
2016 08 24 09.0 10.50 30917.37500 30917.43750  3.333   18 1
2016 08 24 12.0 13.50 30917.50000 30917.56250  3.667   22 1
2016 08 24 15.0 16.50 30917.62500 30917.68750  2.000    7 1
2016 08 24 18.0 19.50 30917.75000 30917.81250  2.000    7 1
2016 08 24 21.0 22.50 30917.87500 30917.93750  3.667   22 1
2016 08 25 00.0 01.50 30918.00000 30918.06250  2.000    7 1
2016 08 25 03.0 04.50 30918.12500 30918.18750  1.333    5 1
2016 08 25 06.0 07.50 30918.25000 30918.31250  2.333    9 1
2016 08 25 09.0 10.50 30918.37500 30918.43750  2.667   12 1
2016 08 25 12.0 13.50 30918.50000 30918.56250  2.000    7 1
2016 08 25 15.0 16.50 30918.62500 30918.68750  2.667   12 1
2016 08 25 18.0 19.50 30918.75000 30918.81250  2.667   12 1
2016 08 25 21.0 22.50 30918.87500 30918.93750  3.333   18 1
2016 08 26 00.0 01.50 30919.00000 30919.06250  2.667   12 1
2016 08 26 03.0 04.50 30919.12500 30919.18750  1.667    6 1
2016 08 26 06.0 07.50 30919.25000 30919.31250  0.333    2 1
2016 08 26 09.0 10.50 30919.37500 30919.43750  0.667    3 1
2016 08 26 12.0 13.50 30919.50000 30919.56250  1.000    4 1
2016 08 26 15.0 16.50 30919.62500 30919.68750  2.000    7 1
2016 08 26 18.0 19.50 30919.75000 30919.81250  1.667    6 1
2016 08 26 21.0 22.50 30919.87500 30919.93750  1.667    6 1
2016 08 27 00.0 01.50 30920.00000 30920.06250  2.000    7 1
2016 08 27 03.0 04.50 30920.12500 30920.18750  2.333    9 1
2016 08 27 06.0 07.50 30920.25000 30920.31250  0.667    3 1
2016 08 27 09.0 10.50 30920.37500 30920.43750  1.667    6 1
2016 08 27 12.0 13.50 30920.50000 30920.56250  1.000    4 1
2016 08 27 15.0 16.50 30920.62500 30920.68750  0.667    3 1
2016 08 27 18.0 19.50 30920.75000 30920.81250  0.667    3 1
2016 08 27 21.0 22.50 30920.87500 30920.93750  0.000    0 1
2016 08 28 00.0 01.50 30921.00000 30921.06250  0.333    2 1
2016 08 28 03.0 04.50 30921.12500 30921.18750  0.333    2 1
2016 08 28 06.0 07.50 30921.25000 30921.31250  0.333    2 1
2016 08 28 09.0 10.50 30921.37500 30921.43750  1.000    4 1
2016 08 28 12.0 13.50 30921.50000 30921.56250  0.667    3 1
2016 08 28 15.0 16.50 30921.62500 30921.68750  0.333    2 1
2016 08 28 18.0 19.50 30921.75000 30921.81250  0.333    2 1
2016 08 28 21.0 22.50 30921.87500 30921.93750  0.333    2 1
2016 08 29 00.0 01.50 30922.00000 30922.06250  1.000    4 1
2016 08 29 03.0 04.50 30922.12500 30922.18750  0.000    0 1
2016 08 29 06.0 07.50 30922.25000 30922.31250  0.333    2 1
2016 08 29 09.0 10.50 30922.37500 30922.43750  1.333    5 1
2016 08 29 12.0 13.50 30922.50000 30922.56250  1.667    6 1
2016 08 29 15.0 16.50 30922.62500 30922.68750  1.667    6 1
2016 08 29 18.0 19.50 30922.75000 30922.81250  2.333    9 1
2016 08 29 21.0 22.50 30922.87500 30922.93750  3.000   15 1
2016 08 30 00.0 01.50 30923.00000 30923.06250  2.667   12 1
2016 08 30 03.0 04.50 30923.12500 30923.18750  2.333    9 1
2016 08 30 06.0 07.50 30923.25000 30923.31250  1.667    6 1
2016 08 30 09.0 10.50 30923.37500 30923.43750  1.667    6 1
2016 08 30 12.0 13.50 30923.50000 30923.56250  3.333   18 1
2016 08 30 15.0 16.50 30923.62500 30923.68750  4.333   32 1
2016 08 30 18.0 19.50 30923.75000 30923.81250  4.000   27 1
2016 08 30 21.0 22.50 30923.87500 30923.93750  4.000   27 1
2016 08 31 00.0 01.50 30924.00000 30924.06250  1.667    6 1
2016 08 31 03.0 04.50 30924.12500 30924.18750  0.667    3 1
2016 08 31 06.0 07.50 30924.25000 30924.31250  1.000    4 1
2016 08 31 09.0 10.50 30924.37500 30924.43750  0.667    3 1
2016 08 31 12.0 13.50 30924.50000 30924.56250  0.667    3 1
2016 08 31 15.0 16.50 30924.62500 30924.68750  0.667    3 1
2016 08 31 18.0 19.50 30924.75000 30924.81250  2.667   12 1
2016 08 31 21.0 22.50 30924.87500 30924.93750  2.667   12 1